74,57,28,17,96
26,58,55,62,76,23,66,97,45,88,94,68,16,99,79,87,65,42,72,78,48,35,96
62,65,48,76,45,87,26,96,78,55,72,88,58,66,16,42,97,94,99,81,85
17,62,38,11,69,74,46,51,68,92,89,82,12,71,36,79,65,93,35,57,41,28,86
62,87,88,66,16,97,85
11,89,17,87,62,55,69,65,76
55,58,66,23,94,81,39,75,64,61,46,86,82
58,66,42,97,94,81,95,75,64,61,46,12,41,86,38,82,93,92,69
28,11,17,68,35,62,45,31,26,96,78,55,72,66,16,42,97
41,86,38,82,93,69,74,89,36,57,28,17,62,65,45
36,99,61,82,64,74,38,94,89,39,95,41,92,93,85,69,12,75,23
41,51,64,12,92,69,36,46,11,61,86,74,38,85,28,89,95,82,39,75,57,17,93
58,42,94,99,85,39,69
28,65,36,51,79,57,87,62,71,38,69,31,45
17,11,97,79,35,16,26,48,42,65,72,31,23
39,75,64,41,86,38,92,69,89,36,35
23,94,99,85,95,39,75,46,86,38,82,92,69,74,36
61,46,12,41,86,38,93,92,69,74,51,89,36,57,28,11,17,35,62,65,79
64,82,61,41,75,86,12,81,92,51,39,42,16,95,74
72,31,66,26,78,85,16,97,23,39,95,45,79
16,42,94,81,95,46,86,93,92,69,51
71,36,68,62,79,48,72
85,95,64,61,93,92,51,36,17
38,68,69,57,17,76,71,74,36,62,92,35,28,45,48,65,89,82,11,79,93,51,41
38,93,92,69,74,51,71,89,57,28,11,68,35,62,65,79,48,76,45,31,87
17,38,64,41,51,46,35,62,11,82,65,92,36
35,48,45,72,88,66,42,97,81
61,96,81,85,64
48,58,88,96,42,95,31,99,72,66,85,39,55,76,23,87,16,97,81,78,75,26,94
78,64,58,81,88,39,55,96,97,66,85,46,75,86,42
99,85,88,31,79,62,81
12,82,92,69,74,89,36,57,28,11,68,65,76
26,89,55,11,31,76,72,45,88,57,79,58,66
99,81,85,38,89,57,28
74,51,71,36,57,28,11,17,68,35,62,65,79,48,76,45,31,87,26,96,78,55,72
11,51,26,74,87,62,65,17,76,31,72
46,71,11,35,62
88,61,23,85,38,94,64,66,97
64,12,38,58,81,86,46,95,55,61,16,42,78
95,97,78,88,55,96,81,42,48,31,23,45,72,85,99
99,95,75,64,61,86,38,69,71,89,57
45,26,96,78,55,72,88,58,16,23,94,99,75,64,61
45,78,55,66,94
39,75,64,61,46,12,41,86,38,82,93,92,69,74,51,71,89,36,57,11,17,68,35
94,38,12,71,23,69,75,86,74,41,99,81,92,42,51,85,93,82,97
39,38,82,89,36
39,75,64,61,46,41,86,38,92,69,71,89,36,57,28,11,17,68,35
87,11,89,69,65,17,76,96,48,51,79,92,31,26,45,74,71,35,62,28,68,57,78
48,76,31,96,55,88,58,66,42,99,95,39,75
31,78,55,88,95,64,46
93,74,51,71,89,36,11,35,62,65,79,45,87,26,96
46,74,85,36,61,23,89,64,86,75,99,81,69
81,95,61,46,38,82,74,89,57,28,11
99,95,39,75,64,61,41,86,93,69,74,51,71,89,36,57,28
28,17,65,48,76,31,96,55,58,66,16,42,97
26,96,99,66,94,23,85,87,79,39,55,88,45,16,42,31,58
11,31,96,78,72,66,23
85,95,61,12,86,38,82,93,51,71,36,28,11
66,16,23,94,99,85,95,39,64,61,46,12,41,86,38,82,93,92,74
79,76,45,96,55,81,39
41,93,36,57,11
65,88,48,62,31,57,87,96,16,45,28,17,11,35,55,58,66,42,68,26,78,72,76
48,36,11,35,12,93,51,89,68,28,92,76,57
69,36,71,28,31,76,89,65,57,87,48,26,68,55,51
92,12,39,99,66,95,82,88,97,93,61,58,75,23,38,42,81
92,68,41,35,12,64,38,11,57,36,65,93,89
36,28,11,17,35,62,65,79,48,76,26,96,78,55,72,58,16
78,72,79,35,88,96,76
26,62,72,74,78,45,35
71,89,36,57,28,11,17,68,35,62,79,48,76,45,31,87,26,96,78,55,72,88,58
36,57,74,99,75,69,89,71,51,86,82,94,38
82,93,92,69,74,51,71,36,28,68,35,62,65,48,76,45,31,87,26
97,23,94,99,81,85,95,39,75,64,46,12,41,86,38,82,93,92,69,74,51,71,89
97,94,64,46,39,23,61
51,71,89,36,57,28,11,35,65,79,76,45,31,87,26,96,78,55,88
58,81,95,72,26,64,39,55,97,87,16,88,85,99,96,76,45,94,66
26,96,78,66,42,97,94,81,85,95,75,61,41
39,64,61,46,12,41,38,92,69,74,51,71,89,57,28,11,35
11,68,35,78,55,72,88,16,23
28,12,46,35,62,17,69,41,36,71,11,92,61,68,57,75,93,82,64,74,86
51,36,28,11,79,76,31,87,26,78,55,72,88
26,96,78,55,72,88,66,42,97,23,99,95,39,75,64,61,46,12,41
94,99,85,39,64,86,38,92,69,74,51,71,89
39,96,99,66,16,95,42,76,94,64,87
82,92,57,11,68,45,26
88,64,58,72,81,96,26,94,78,75,99,31,46,95,39,85,42,16,61
89,36,57,28,11,17,62,65,79,48,76,45,31,87,26,96,78,55,72,58,66
82,93,92,69,74,51,89,36,57,28,11,17,68,62,65,79,48,76,45,87,26
38,85,81,75,88,92,93,23,42,66,39,41,12,58,97,95,94
64,61,12,86,38,82,93,92,69,74,51,71,89,36,57,28,11,68,35,62,65
97,81,85,46,12,41,82,93,71
81,76,72,96,78,66,23,85,65,87,31,26,58
94,82,71,39,95,36,61,23,93,41,46
92,74,51,36,57,28,62,65,31,26,78
23,94,95,39,64,12,86,38,82,93,92,69,74,51,71,89,36
74,51,71,89,36,28,68,35,65,76,26,96,72
86,38,64,94,78,72,23
38,82,89,36,28,11,17,62,48,76,31
92,57,71,95,74,46,61,36,41,38,69,82,86,17,64,89,12,39,93,11,28,75,68
26,87,45,62,78,68,28
11,35,72,88,66,42,23
31,87,96,94,42,81,76,45,66,99,64
74,79,78,31,87,65,11,76,51,96,62,28,89,48,71,92,17,68,69,45,36
94,85,39,64,82,92,51,89,57
12,41,86,82,93,92,36,57,28,17,68,35,65,79,76
46,95,12,36,99,39,57,93,94
69,41,68,89,48,11,62,86,45,57,74,71,76,38,28,82,36,93,35
55,88,16,97,94,99,81,95,39,64,61,41,86,38,82
88,58,66,42,97,23,94,99,81,85,75,64,61,46,12,41,86
57,28,11,17,68,65,48,76,31,87,96,55,72,66,16
58,42,94,81,85,95,64,12,41,86,82,93,92
96,55,42,99,39,12,86
74,93,69,17,75,92,38
45,87,96,55,72,95,39,75,61
39,61,46,92,74,71,36,28,17
81,46,41,38,93,74,51,71,89
62,65,79,48,31,87,26,96,78,55,72,88,58,66,16,42,97,23,99,81,85
38,28,41,89,64,61,95,39,36,74,93,46,86,82,11,12,71,17,75
46,58,66,87,85,23,42,97,88,94,26,31,78
41,82,11,74,85,93,89,86,75,12,38,17,39,69,46,71,92
72,16,64,61,46,41,93
57,28,11,68,35,62,65,79,48,76,45,87,26,96,78,55,88,58,66,16,42
76,55,48,68,69,74,79,17,96
76,45,31,26,72,88,58,66,16,42,97,23,94,99,85,95,64
17,65,79,45,26,96,78,55,88
69,36,57,17,68,62,65,76,31,26,96
41,86,38,82,92,69,74,51,89,36,57,11,17,68,35,79,48,76,45
42,99,81,95,39,69,71
46,12,41,38,82,93,74,51,71,89,36,57,28,35,62
72,88,66,16,42,23,94,99,81,85,95,75,64,46,41,86,38,82,93
48,31,87,88,42,94,81,85,75
75,64,61,46,12,41,38,82,93,92,69,51,71,89,36,57,11,17,68,35,62
82,93,92,69,74,51,71,89,28,17,35,65,45,31,26
65,48,76,87,26,96,78,55,88,58,66,16,42,97,23,94,81,85,95
61,66,94,88,87,23,12,16,75,26,97
23,97,66,39,76,95,26,31,42,16,78,96,75,81,94,55,88,72,48,85,87
55,88,16,94,81,75,64
95,39,75,64,61,12,86,69,51,89,36,28,11,17,68
93,92,74,71,89,36,28,11,17,35,62,65,79,31,87,26,96
65,79,48,76,26,78,55,58,66,97,94,99,81,85,95
66,12,87,94,97,39,75,95,96
28,11,17,35,62,65,79,48,76,45,31,87,26,96,78,55,72,88,58,66,16,42,97
35,62,79,76,87,26,66,99,81
51,89,36,28,11,17,35,65,79,45,26,96,78,55,88
51,96,28,45,65,76,26,11,92,36,89,93,57,74,69,48,17,71,87,35,31,68,62
11,68,79,45,31,26,78,58,16,97,23
23,94,85,95,75,64,61,46,82,92,74,71,36
89,57,92,71,68,62,38,86,36
68,35,48,31,78,16,42,23,99
39,42,75,85,94
79,96,72,58,16,97,39
72,41,66,97,95,61,64,46,88,86,12,16,85,82,93,23,58,81,42,94,38,39,99
12,41,86,38,82,93,92,69,74,51,71,89,36,57,28,11,68,35,62,65,79,48,76
26,11,74,51,82,93,17,69,71,28,68,89,57,31,45,62,87,35,79
62,66,55,35,57,72,79,28,31,48,17,88,78,65,42,68,58,16,26,87,76,96,11
55,58,95,78,88,85,65,81,76,99,45,66,96,79,42,72,26,97,94
92,69,74,71,89,36,57,28,11,17,35,62,65,48,76,45,31,87,96
85,88,61,23,16,39,93,86,75,46,92
88,58,66,16,42,23,99,95,39,75,64,61,46,12,86,38,82,93,92
46,12,86,38,82,92,69,74,36,57,11,17,48
28,48,87,55,79,51,68,36,72,26,65,11,96,17,74,31,57,78,35,71,62,89,45
85,95,39,64,61,46,12,41,86,38,82,93,92,69,74,51,71,57,28,11,17
51,28,89,69,11
92,95,89,74,69,28,38,71,99,12,61
86,57,71,41,95,39,85
89,36,57,28,11,17,68,35,65,48,45,31,87,78,55,58,66
69,28,46,64,35,74,93,65,89
36,79,74,65,86,31,76,35,28
62,65,79,48,76,31,87,26,96,55,72,88,66,16,42,23,94,99,85
39,61,12,41,86,93,92,51,71,36,28,68,35
38,12,81,28,86
65,45,31,78,99,81,95
58,42,97,23,99,81,95,75,64,61,41,92,69
88,89,62,36,11,17,78,58,76,71,96
26,78,62,35,97,28,72,76,96,68,45,87,11,66,65,48,79,55,42,16,88
86,51,71,89,17,35,62,79,48,45,31
97,23,94,85,61,74,71
76,45,26,96,78,55,72,88,16,42,97,23,94,99,81,85,75
68,35,79,48,76,26,58,16,97
65,45,26,96,55,72,88,16,94,99,81
71,17,68,35,79,48,31,26,78,55,72,88,58
97,42,41,72,39,95,55
28,11,17,62,65,48,45,87,26,96,55,72,58,42,97
41,69,86,92,62,79,61,82,89,71,35,12,38,57,46,17,51
62,65,76,45,31,87,26,96,55,72,88,58,16,97,23
79,48,76,87,55,72,88,58,66,42,97,23,94,99,81,85,39
35,65,48,78,55,72,88,42,97,99,81
75,46,12,41,92,74,51,89,57,28,11,17,35
55,72,88,58,16,97,23,94,81,95,39,75,64,12,41
66,16,42,97,23,99,81,85,39,75,64,61,46,12,41,38,82,93,92,69,74
16,99,94,48,97
69,74,51,71,89,36,57,28,11,17,68,35,65,79,48,76,45,31,87,26,96,78,55
99,94,16,86,23,72,78,96,12,97,42
78,85,55,75,86,94,72
78,61,64,99,66,97,23,88,46,12,94,95,85,55,16,87,72,96,39
61,64,66,41,12,69,86,93,85,38,95,46,39,99,92,81,97,16,23
93,35,82,31,11,57,17,86,92,68,51,48,71
42,99,85,95,64,46,86,74,71
41,86,38,93,92,69,74,71,89,36,11,17,35,62,65,79,45
88,92,58,85,97,66,46
95,16,94,86,46,64,92,61,42,99,69
58,95,86,85,64,38,55,12,99,39,23,46,97,82,42
88,99,12,46,82,55,95
65,62,16,35,88,78,17,66,45,97,94,42,68,76,72